{
 "cells": [
  {
   "cell_type": "markdown",
   "metadata": {},
   "source": [
    "# Cross Validation example"
   ]
  },
  {
   "cell_type": "code",
   "execution_count": 2,
   "metadata": {},
   "outputs": [],
   "source": [
    "import pandas as pd\n",
    "import numpy as np\n",
    "import matplotlib.pyplot as plt"
   ]
  },
  {
   "cell_type": "code",
   "execution_count": 3,
   "metadata": {},
   "outputs": [
    {
     "data": {
      "text/html": [
       "<div>\n",
       "<style scoped>\n",
       "    .dataframe tbody tr th:only-of-type {\n",
       "        vertical-align: middle;\n",
       "    }\n",
       "\n",
       "    .dataframe tbody tr th {\n",
       "        vertical-align: top;\n",
       "    }\n",
       "\n",
       "    .dataframe thead th {\n",
       "        text-align: right;\n",
       "    }\n",
       "</style>\n",
       "<table border=\"1\" class=\"dataframe\">\n",
       "  <thead>\n",
       "    <tr style=\"text-align: right;\">\n",
       "      <th></th>\n",
       "      <th>Suburb</th>\n",
       "      <th>Address</th>\n",
       "      <th>Rooms</th>\n",
       "      <th>Type</th>\n",
       "      <th>Price</th>\n",
       "      <th>Method</th>\n",
       "      <th>SellerG</th>\n",
       "      <th>Date</th>\n",
       "      <th>Distance</th>\n",
       "      <th>Postcode</th>\n",
       "      <th>...</th>\n",
       "      <th>Bathroom</th>\n",
       "      <th>Car</th>\n",
       "      <th>Landsize</th>\n",
       "      <th>BuildingArea</th>\n",
       "      <th>YearBuilt</th>\n",
       "      <th>CouncilArea</th>\n",
       "      <th>Lattitude</th>\n",
       "      <th>Longtitude</th>\n",
       "      <th>Regionname</th>\n",
       "      <th>Propertycount</th>\n",
       "    </tr>\n",
       "  </thead>\n",
       "  <tbody>\n",
       "    <tr>\n",
       "      <th>0</th>\n",
       "      <td>Abbotsford</td>\n",
       "      <td>85 Turner St</td>\n",
       "      <td>2</td>\n",
       "      <td>h</td>\n",
       "      <td>1480000.0</td>\n",
       "      <td>S</td>\n",
       "      <td>Biggin</td>\n",
       "      <td>3/12/2016</td>\n",
       "      <td>2.5</td>\n",
       "      <td>3067.0</td>\n",
       "      <td>...</td>\n",
       "      <td>1.0</td>\n",
       "      <td>1.0</td>\n",
       "      <td>202.0</td>\n",
       "      <td>NaN</td>\n",
       "      <td>NaN</td>\n",
       "      <td>Yarra</td>\n",
       "      <td>-37.7996</td>\n",
       "      <td>144.9984</td>\n",
       "      <td>Northern Metropolitan</td>\n",
       "      <td>4019.0</td>\n",
       "    </tr>\n",
       "    <tr>\n",
       "      <th>1</th>\n",
       "      <td>Abbotsford</td>\n",
       "      <td>25 Bloomburg St</td>\n",
       "      <td>2</td>\n",
       "      <td>h</td>\n",
       "      <td>1035000.0</td>\n",
       "      <td>S</td>\n",
       "      <td>Biggin</td>\n",
       "      <td>4/02/2016</td>\n",
       "      <td>2.5</td>\n",
       "      <td>3067.0</td>\n",
       "      <td>...</td>\n",
       "      <td>1.0</td>\n",
       "      <td>0.0</td>\n",
       "      <td>156.0</td>\n",
       "      <td>79.0</td>\n",
       "      <td>1900.0</td>\n",
       "      <td>Yarra</td>\n",
       "      <td>-37.8079</td>\n",
       "      <td>144.9934</td>\n",
       "      <td>Northern Metropolitan</td>\n",
       "      <td>4019.0</td>\n",
       "    </tr>\n",
       "    <tr>\n",
       "      <th>2</th>\n",
       "      <td>Abbotsford</td>\n",
       "      <td>5 Charles St</td>\n",
       "      <td>3</td>\n",
       "      <td>h</td>\n",
       "      <td>1465000.0</td>\n",
       "      <td>SP</td>\n",
       "      <td>Biggin</td>\n",
       "      <td>4/03/2017</td>\n",
       "      <td>2.5</td>\n",
       "      <td>3067.0</td>\n",
       "      <td>...</td>\n",
       "      <td>2.0</td>\n",
       "      <td>0.0</td>\n",
       "      <td>134.0</td>\n",
       "      <td>150.0</td>\n",
       "      <td>1900.0</td>\n",
       "      <td>Yarra</td>\n",
       "      <td>-37.8093</td>\n",
       "      <td>144.9944</td>\n",
       "      <td>Northern Metropolitan</td>\n",
       "      <td>4019.0</td>\n",
       "    </tr>\n",
       "    <tr>\n",
       "      <th>3</th>\n",
       "      <td>Abbotsford</td>\n",
       "      <td>40 Federation La</td>\n",
       "      <td>3</td>\n",
       "      <td>h</td>\n",
       "      <td>850000.0</td>\n",
       "      <td>PI</td>\n",
       "      <td>Biggin</td>\n",
       "      <td>4/03/2017</td>\n",
       "      <td>2.5</td>\n",
       "      <td>3067.0</td>\n",
       "      <td>...</td>\n",
       "      <td>2.0</td>\n",
       "      <td>1.0</td>\n",
       "      <td>94.0</td>\n",
       "      <td>NaN</td>\n",
       "      <td>NaN</td>\n",
       "      <td>Yarra</td>\n",
       "      <td>-37.7969</td>\n",
       "      <td>144.9969</td>\n",
       "      <td>Northern Metropolitan</td>\n",
       "      <td>4019.0</td>\n",
       "    </tr>\n",
       "    <tr>\n",
       "      <th>4</th>\n",
       "      <td>Abbotsford</td>\n",
       "      <td>55a Park St</td>\n",
       "      <td>4</td>\n",
       "      <td>h</td>\n",
       "      <td>1600000.0</td>\n",
       "      <td>VB</td>\n",
       "      <td>Nelson</td>\n",
       "      <td>4/06/2016</td>\n",
       "      <td>2.5</td>\n",
       "      <td>3067.0</td>\n",
       "      <td>...</td>\n",
       "      <td>1.0</td>\n",
       "      <td>2.0</td>\n",
       "      <td>120.0</td>\n",
       "      <td>142.0</td>\n",
       "      <td>2014.0</td>\n",
       "      <td>Yarra</td>\n",
       "      <td>-37.8072</td>\n",
       "      <td>144.9941</td>\n",
       "      <td>Northern Metropolitan</td>\n",
       "      <td>4019.0</td>\n",
       "    </tr>\n",
       "  </tbody>\n",
       "</table>\n",
       "<p>5 rows × 21 columns</p>\n",
       "</div>"
      ],
      "text/plain": [
       "       Suburb           Address  Rooms Type      Price Method SellerG  \\\n",
       "0  Abbotsford      85 Turner St      2    h  1480000.0      S  Biggin   \n",
       "1  Abbotsford   25 Bloomburg St      2    h  1035000.0      S  Biggin   \n",
       "2  Abbotsford      5 Charles St      3    h  1465000.0     SP  Biggin   \n",
       "3  Abbotsford  40 Federation La      3    h   850000.0     PI  Biggin   \n",
       "4  Abbotsford       55a Park St      4    h  1600000.0     VB  Nelson   \n",
       "\n",
       "        Date  Distance  Postcode  ...  Bathroom  Car  Landsize  BuildingArea  \\\n",
       "0  3/12/2016       2.5    3067.0  ...       1.0  1.0     202.0           NaN   \n",
       "1  4/02/2016       2.5    3067.0  ...       1.0  0.0     156.0          79.0   \n",
       "2  4/03/2017       2.5    3067.0  ...       2.0  0.0     134.0         150.0   \n",
       "3  4/03/2017       2.5    3067.0  ...       2.0  1.0      94.0           NaN   \n",
       "4  4/06/2016       2.5    3067.0  ...       1.0  2.0     120.0         142.0   \n",
       "\n",
       "   YearBuilt  CouncilArea Lattitude  Longtitude             Regionname  \\\n",
       "0        NaN        Yarra  -37.7996    144.9984  Northern Metropolitan   \n",
       "1     1900.0        Yarra  -37.8079    144.9934  Northern Metropolitan   \n",
       "2     1900.0        Yarra  -37.8093    144.9944  Northern Metropolitan   \n",
       "3        NaN        Yarra  -37.7969    144.9969  Northern Metropolitan   \n",
       "4     2014.0        Yarra  -37.8072    144.9941  Northern Metropolitan   \n",
       "\n",
       "  Propertycount  \n",
       "0        4019.0  \n",
       "1        4019.0  \n",
       "2        4019.0  \n",
       "3        4019.0  \n",
       "4        4019.0  \n",
       "\n",
       "[5 rows x 21 columns]"
      ]
     },
     "execution_count": 3,
     "metadata": {},
     "output_type": "execute_result"
    }
   ],
   "source": [
    "data = pd.read_csv(\"../datasets/melbourne-snapshot/melb_data.csv\")\n",
    "data.head()"
   ]
  },
  {
   "cell_type": "code",
   "execution_count": 4,
   "metadata": {},
   "outputs": [
    {
     "name": "stdout",
     "output_type": "stream",
     "text": [
      "<class 'pandas.core.frame.DataFrame'>\n",
      "RangeIndex: 13580 entries, 0 to 13579\n",
      "Data columns (total 21 columns):\n",
      "Suburb           13580 non-null object\n",
      "Address          13580 non-null object\n",
      "Rooms            13580 non-null int64\n",
      "Type             13580 non-null object\n",
      "Price            13580 non-null float64\n",
      "Method           13580 non-null object\n",
      "SellerG          13580 non-null object\n",
      "Date             13580 non-null object\n",
      "Distance         13580 non-null float64\n",
      "Postcode         13580 non-null float64\n",
      "Bedroom2         13580 non-null float64\n",
      "Bathroom         13580 non-null float64\n",
      "Car              13518 non-null float64\n",
      "Landsize         13580 non-null float64\n",
      "BuildingArea     7130 non-null float64\n",
      "YearBuilt        8205 non-null float64\n",
      "CouncilArea      12211 non-null object\n",
      "Lattitude        13580 non-null float64\n",
      "Longtitude       13580 non-null float64\n",
      "Regionname       13580 non-null object\n",
      "Propertycount    13580 non-null float64\n",
      "dtypes: float64(12), int64(1), object(8)\n",
      "memory usage: 2.2+ MB\n"
     ]
    }
   ],
   "source": [
    "data.info()"
   ]
  },
  {
   "cell_type": "code",
   "execution_count": 5,
   "metadata": {},
   "outputs": [],
   "source": [
    "X = data[[\"Rooms\", \"Distance\", \"Landsize\", \"BuildingArea\", \"YearBuilt\"]]\n",
    "y = data[\"Price\"]"
   ]
  },
  {
   "cell_type": "code",
   "execution_count": 6,
   "metadata": {},
   "outputs": [
    {
     "data": {
      "text/html": [
       "<div>\n",
       "<style scoped>\n",
       "    .dataframe tbody tr th:only-of-type {\n",
       "        vertical-align: middle;\n",
       "    }\n",
       "\n",
       "    .dataframe tbody tr th {\n",
       "        vertical-align: top;\n",
       "    }\n",
       "\n",
       "    .dataframe thead th {\n",
       "        text-align: right;\n",
       "    }\n",
       "</style>\n",
       "<table border=\"1\" class=\"dataframe\">\n",
       "  <thead>\n",
       "    <tr style=\"text-align: right;\">\n",
       "      <th></th>\n",
       "      <th>Rooms</th>\n",
       "      <th>Price</th>\n",
       "      <th>Distance</th>\n",
       "      <th>Postcode</th>\n",
       "      <th>Bedroom2</th>\n",
       "      <th>Bathroom</th>\n",
       "      <th>Car</th>\n",
       "      <th>Landsize</th>\n",
       "      <th>BuildingArea</th>\n",
       "      <th>YearBuilt</th>\n",
       "      <th>Lattitude</th>\n",
       "      <th>Longtitude</th>\n",
       "      <th>Propertycount</th>\n",
       "    </tr>\n",
       "  </thead>\n",
       "  <tbody>\n",
       "    <tr>\n",
       "      <th>Rooms</th>\n",
       "      <td>1.000000</td>\n",
       "      <td>0.496634</td>\n",
       "      <td>0.294203</td>\n",
       "      <td>0.055303</td>\n",
       "      <td>0.944190</td>\n",
       "      <td>0.592934</td>\n",
       "      <td>0.408483</td>\n",
       "      <td>0.025678</td>\n",
       "      <td>0.124127</td>\n",
       "      <td>-0.065413</td>\n",
       "      <td>0.015948</td>\n",
       "      <td>0.100771</td>\n",
       "      <td>-0.081530</td>\n",
       "    </tr>\n",
       "    <tr>\n",
       "      <th>Price</th>\n",
       "      <td>0.496634</td>\n",
       "      <td>1.000000</td>\n",
       "      <td>-0.162522</td>\n",
       "      <td>0.107867</td>\n",
       "      <td>0.475951</td>\n",
       "      <td>0.467038</td>\n",
       "      <td>0.238979</td>\n",
       "      <td>0.037507</td>\n",
       "      <td>0.090981</td>\n",
       "      <td>-0.323617</td>\n",
       "      <td>-0.212934</td>\n",
       "      <td>0.203656</td>\n",
       "      <td>-0.042153</td>\n",
       "    </tr>\n",
       "    <tr>\n",
       "      <th>Distance</th>\n",
       "      <td>0.294203</td>\n",
       "      <td>-0.162522</td>\n",
       "      <td>1.000000</td>\n",
       "      <td>0.431514</td>\n",
       "      <td>0.295927</td>\n",
       "      <td>0.127155</td>\n",
       "      <td>0.262994</td>\n",
       "      <td>0.025004</td>\n",
       "      <td>0.099481</td>\n",
       "      <td>0.246379</td>\n",
       "      <td>-0.130723</td>\n",
       "      <td>0.239425</td>\n",
       "      <td>-0.054910</td>\n",
       "    </tr>\n",
       "    <tr>\n",
       "      <th>Postcode</th>\n",
       "      <td>0.055303</td>\n",
       "      <td>0.107867</td>\n",
       "      <td>0.431514</td>\n",
       "      <td>1.000000</td>\n",
       "      <td>0.060584</td>\n",
       "      <td>0.113664</td>\n",
       "      <td>0.050289</td>\n",
       "      <td>0.024558</td>\n",
       "      <td>0.055475</td>\n",
       "      <td>0.032863</td>\n",
       "      <td>-0.406104</td>\n",
       "      <td>0.445357</td>\n",
       "      <td>0.062304</td>\n",
       "    </tr>\n",
       "    <tr>\n",
       "      <th>Bedroom2</th>\n",
       "      <td>0.944190</td>\n",
       "      <td>0.475951</td>\n",
       "      <td>0.295927</td>\n",
       "      <td>0.060584</td>\n",
       "      <td>1.000000</td>\n",
       "      <td>0.584685</td>\n",
       "      <td>0.405325</td>\n",
       "      <td>0.025646</td>\n",
       "      <td>0.122319</td>\n",
       "      <td>-0.053319</td>\n",
       "      <td>0.015925</td>\n",
       "      <td>0.102238</td>\n",
       "      <td>-0.081350</td>\n",
       "    </tr>\n",
       "    <tr>\n",
       "      <th>Bathroom</th>\n",
       "      <td>0.592934</td>\n",
       "      <td>0.467038</td>\n",
       "      <td>0.127155</td>\n",
       "      <td>0.113664</td>\n",
       "      <td>0.584685</td>\n",
       "      <td>1.000000</td>\n",
       "      <td>0.322246</td>\n",
       "      <td>0.037130</td>\n",
       "      <td>0.111933</td>\n",
       "      <td>0.152702</td>\n",
       "      <td>-0.070594</td>\n",
       "      <td>0.118971</td>\n",
       "      <td>-0.052201</td>\n",
       "    </tr>\n",
       "    <tr>\n",
       "      <th>Car</th>\n",
       "      <td>0.408483</td>\n",
       "      <td>0.238979</td>\n",
       "      <td>0.262994</td>\n",
       "      <td>0.050289</td>\n",
       "      <td>0.405325</td>\n",
       "      <td>0.322246</td>\n",
       "      <td>1.000000</td>\n",
       "      <td>0.026770</td>\n",
       "      <td>0.096101</td>\n",
       "      <td>0.104515</td>\n",
       "      <td>-0.001963</td>\n",
       "      <td>0.063395</td>\n",
       "      <td>-0.024295</td>\n",
       "    </tr>\n",
       "    <tr>\n",
       "      <th>Landsize</th>\n",
       "      <td>0.025678</td>\n",
       "      <td>0.037507</td>\n",
       "      <td>0.025004</td>\n",
       "      <td>0.024558</td>\n",
       "      <td>0.025646</td>\n",
       "      <td>0.037130</td>\n",
       "      <td>0.026770</td>\n",
       "      <td>1.000000</td>\n",
       "      <td>0.500485</td>\n",
       "      <td>0.036451</td>\n",
       "      <td>0.009695</td>\n",
       "      <td>0.010833</td>\n",
       "      <td>-0.006854</td>\n",
       "    </tr>\n",
       "    <tr>\n",
       "      <th>BuildingArea</th>\n",
       "      <td>0.124127</td>\n",
       "      <td>0.090981</td>\n",
       "      <td>0.099481</td>\n",
       "      <td>0.055475</td>\n",
       "      <td>0.122319</td>\n",
       "      <td>0.111933</td>\n",
       "      <td>0.096101</td>\n",
       "      <td>0.500485</td>\n",
       "      <td>1.000000</td>\n",
       "      <td>0.019665</td>\n",
       "      <td>0.043420</td>\n",
       "      <td>-0.023810</td>\n",
       "      <td>-0.028840</td>\n",
       "    </tr>\n",
       "    <tr>\n",
       "      <th>YearBuilt</th>\n",
       "      <td>-0.065413</td>\n",
       "      <td>-0.323617</td>\n",
       "      <td>0.246379</td>\n",
       "      <td>0.032863</td>\n",
       "      <td>-0.053319</td>\n",
       "      <td>0.152702</td>\n",
       "      <td>0.104515</td>\n",
       "      <td>0.036451</td>\n",
       "      <td>0.019665</td>\n",
       "      <td>1.000000</td>\n",
       "      <td>0.060445</td>\n",
       "      <td>-0.003470</td>\n",
       "      <td>0.006361</td>\n",
       "    </tr>\n",
       "    <tr>\n",
       "      <th>Lattitude</th>\n",
       "      <td>0.015948</td>\n",
       "      <td>-0.212934</td>\n",
       "      <td>-0.130723</td>\n",
       "      <td>-0.406104</td>\n",
       "      <td>0.015925</td>\n",
       "      <td>-0.070594</td>\n",
       "      <td>-0.001963</td>\n",
       "      <td>0.009695</td>\n",
       "      <td>0.043420</td>\n",
       "      <td>0.060445</td>\n",
       "      <td>1.000000</td>\n",
       "      <td>-0.357634</td>\n",
       "      <td>0.047086</td>\n",
       "    </tr>\n",
       "    <tr>\n",
       "      <th>Longtitude</th>\n",
       "      <td>0.100771</td>\n",
       "      <td>0.203656</td>\n",
       "      <td>0.239425</td>\n",
       "      <td>0.445357</td>\n",
       "      <td>0.102238</td>\n",
       "      <td>0.118971</td>\n",
       "      <td>0.063395</td>\n",
       "      <td>0.010833</td>\n",
       "      <td>-0.023810</td>\n",
       "      <td>-0.003470</td>\n",
       "      <td>-0.357634</td>\n",
       "      <td>1.000000</td>\n",
       "      <td>0.065988</td>\n",
       "    </tr>\n",
       "    <tr>\n",
       "      <th>Propertycount</th>\n",
       "      <td>-0.081530</td>\n",
       "      <td>-0.042153</td>\n",
       "      <td>-0.054910</td>\n",
       "      <td>0.062304</td>\n",
       "      <td>-0.081350</td>\n",
       "      <td>-0.052201</td>\n",
       "      <td>-0.024295</td>\n",
       "      <td>-0.006854</td>\n",
       "      <td>-0.028840</td>\n",
       "      <td>0.006361</td>\n",
       "      <td>0.047086</td>\n",
       "      <td>0.065988</td>\n",
       "      <td>1.000000</td>\n",
       "    </tr>\n",
       "  </tbody>\n",
       "</table>\n",
       "</div>"
      ],
      "text/plain": [
       "                  Rooms     Price  Distance  Postcode  Bedroom2  Bathroom  \\\n",
       "Rooms          1.000000  0.496634  0.294203  0.055303  0.944190  0.592934   \n",
       "Price          0.496634  1.000000 -0.162522  0.107867  0.475951  0.467038   \n",
       "Distance       0.294203 -0.162522  1.000000  0.431514  0.295927  0.127155   \n",
       "Postcode       0.055303  0.107867  0.431514  1.000000  0.060584  0.113664   \n",
       "Bedroom2       0.944190  0.475951  0.295927  0.060584  1.000000  0.584685   \n",
       "Bathroom       0.592934  0.467038  0.127155  0.113664  0.584685  1.000000   \n",
       "Car            0.408483  0.238979  0.262994  0.050289  0.405325  0.322246   \n",
       "Landsize       0.025678  0.037507  0.025004  0.024558  0.025646  0.037130   \n",
       "BuildingArea   0.124127  0.090981  0.099481  0.055475  0.122319  0.111933   \n",
       "YearBuilt     -0.065413 -0.323617  0.246379  0.032863 -0.053319  0.152702   \n",
       "Lattitude      0.015948 -0.212934 -0.130723 -0.406104  0.015925 -0.070594   \n",
       "Longtitude     0.100771  0.203656  0.239425  0.445357  0.102238  0.118971   \n",
       "Propertycount -0.081530 -0.042153 -0.054910  0.062304 -0.081350 -0.052201   \n",
       "\n",
       "                    Car  Landsize  BuildingArea  YearBuilt  Lattitude  \\\n",
       "Rooms          0.408483  0.025678      0.124127  -0.065413   0.015948   \n",
       "Price          0.238979  0.037507      0.090981  -0.323617  -0.212934   \n",
       "Distance       0.262994  0.025004      0.099481   0.246379  -0.130723   \n",
       "Postcode       0.050289  0.024558      0.055475   0.032863  -0.406104   \n",
       "Bedroom2       0.405325  0.025646      0.122319  -0.053319   0.015925   \n",
       "Bathroom       0.322246  0.037130      0.111933   0.152702  -0.070594   \n",
       "Car            1.000000  0.026770      0.096101   0.104515  -0.001963   \n",
       "Landsize       0.026770  1.000000      0.500485   0.036451   0.009695   \n",
       "BuildingArea   0.096101  0.500485      1.000000   0.019665   0.043420   \n",
       "YearBuilt      0.104515  0.036451      0.019665   1.000000   0.060445   \n",
       "Lattitude     -0.001963  0.009695      0.043420   0.060445   1.000000   \n",
       "Longtitude     0.063395  0.010833     -0.023810  -0.003470  -0.357634   \n",
       "Propertycount -0.024295 -0.006854     -0.028840   0.006361   0.047086   \n",
       "\n",
       "               Longtitude  Propertycount  \n",
       "Rooms            0.100771      -0.081530  \n",
       "Price            0.203656      -0.042153  \n",
       "Distance         0.239425      -0.054910  \n",
       "Postcode         0.445357       0.062304  \n",
       "Bedroom2         0.102238      -0.081350  \n",
       "Bathroom         0.118971      -0.052201  \n",
       "Car              0.063395      -0.024295  \n",
       "Landsize         0.010833      -0.006854  \n",
       "BuildingArea    -0.023810      -0.028840  \n",
       "YearBuilt       -0.003470       0.006361  \n",
       "Lattitude       -0.357634       0.047086  \n",
       "Longtitude       1.000000       0.065988  \n",
       "Propertycount    0.065988       1.000000  "
      ]
     },
     "execution_count": 6,
     "metadata": {},
     "output_type": "execute_result"
    }
   ],
   "source": [
    "data.corr()"
   ]
  },
  {
   "cell_type": "code",
   "execution_count": 7,
   "metadata": {},
   "outputs": [
    {
     "name": "stderr",
     "output_type": "stream",
     "text": [
      "/anaconda3/lib/python3.6/site-packages/sklearn/utils/deprecation.py:58: DeprecationWarning: Class Imputer is deprecated; Imputer was deprecated in version 0.20 and will be removed in 0.22. Import impute.SimpleImputer from sklearn instead.\n",
      "  warnings.warn(msg, category=DeprecationWarning)\n"
     ]
    }
   ],
   "source": [
    "# Specify a pipeline of our modeling steps (it can be difficult to do cross-validation instead)\n",
    "from sklearn.ensemble import RandomForestRegressor\n",
    "from sklearn.pipeline import make_pipeline\n",
    "from sklearn.preprocessing import Imputer\n",
    "\n",
    "pipeline = make_pipeline(Imputer(), RandomForestRegressor())"
   ]
  },
  {
   "cell_type": "code",
   "execution_count": 9,
   "metadata": {},
   "outputs": [
    {
     "name": "stderr",
     "output_type": "stream",
     "text": [
      "/anaconda3/lib/python3.6/site-packages/sklearn/model_selection/_split.py:2053: FutureWarning: You should specify a value for 'cv' instead of relying on the default value. The default value will change from 3 to 5 in version 0.22.\n",
      "  warnings.warn(CV_WARNING, FutureWarning)\n",
      "/anaconda3/lib/python3.6/site-packages/sklearn/utils/deprecation.py:58: DeprecationWarning: Class Imputer is deprecated; Imputer was deprecated in version 0.20 and will be removed in 0.22. Import impute.SimpleImputer from sklearn instead.\n",
      "  warnings.warn(msg, category=DeprecationWarning)\n",
      "/anaconda3/lib/python3.6/site-packages/sklearn/ensemble/forest.py:246: FutureWarning: The default value of n_estimators will change from 10 in version 0.20 to 100 in 0.22.\n",
      "  \"10 in version 0.20 to 100 in 0.22.\", FutureWarning)\n",
      "/anaconda3/lib/python3.6/site-packages/sklearn/utils/deprecation.py:58: DeprecationWarning: Class Imputer is deprecated; Imputer was deprecated in version 0.20 and will be removed in 0.22. Import impute.SimpleImputer from sklearn instead.\n",
      "  warnings.warn(msg, category=DeprecationWarning)\n",
      "/anaconda3/lib/python3.6/site-packages/sklearn/ensemble/forest.py:246: FutureWarning: The default value of n_estimators will change from 10 in version 0.20 to 100 in 0.22.\n",
      "  \"10 in version 0.20 to 100 in 0.22.\", FutureWarning)\n",
      "/anaconda3/lib/python3.6/site-packages/sklearn/utils/deprecation.py:58: DeprecationWarning: Class Imputer is deprecated; Imputer was deprecated in version 0.20 and will be removed in 0.22. Import impute.SimpleImputer from sklearn instead.\n",
      "  warnings.warn(msg, category=DeprecationWarning)\n",
      "/anaconda3/lib/python3.6/site-packages/sklearn/ensemble/forest.py:246: FutureWarning: The default value of n_estimators will change from 10 in version 0.20 to 100 in 0.22.\n",
      "  \"10 in version 0.20 to 100 in 0.22.\", FutureWarning)\n"
     ]
    },
    {
     "name": "stdout",
     "output_type": "stream",
     "text": [
      "[-309934.9905264  -299122.66273334 -300753.55167069]\n"
     ]
    }
   ],
   "source": [
    "# Get the cross-validation scores:\n",
    "from sklearn.model_selection import cross_val_score\n",
    "\n",
    "scores = cross_val_score(pipeline, X, y, scoring = \"neg_mean_absolute_error\")\n",
    "print(scores)"
   ]
  },
  {
   "cell_type": "code",
   "execution_count": 11,
   "metadata": {},
   "outputs": [
    {
     "name": "stdout",
     "output_type": "stream",
     "text": [
      "Mean Absolute Error: 303270.40\n"
     ]
    }
   ],
   "source": [
    "print('Mean Absolute Error: {:.2f}'.format(-1 * scores.mean()))"
   ]
  },
  {
   "cell_type": "code",
   "execution_count": null,
   "metadata": {},
   "outputs": [],
   "source": []
  }
 ],
 "metadata": {
  "kernelspec": {
   "display_name": "Python 3",
   "language": "python",
   "name": "python3"
  },
  "language_info": {
   "codemirror_mode": {
    "name": "ipython",
    "version": 3
   },
   "file_extension": ".py",
   "mimetype": "text/x-python",
   "name": "python",
   "nbconvert_exporter": "python",
   "pygments_lexer": "ipython3",
   "version": "3.6.8"
  }
 },
 "nbformat": 4,
 "nbformat_minor": 2
}
